# [1] m:            [M_sun/h] 
# [2] sigma 
# [3] ln(1/sigma) 
# [4] n_eff 
# [5] f(sigma) 
# [6] dn/dm:        [h^4/(Mpc^3*M_sun)] 
# [7] dn/dlnm:      [h^3/Mpc^3] 
# [8] dn/dlog10m:   [h^3/Mpc^3] 
# [9] n(>m):        [h^3/Mpc^3] 
# [11] rho(>m):     [M_sun*h^2/Mpc^3] 
# [11] rho(<m):     [M_sun*h^2/Mpc^3] 
# [12] Lbox(N=1):   [Mpc/h]
1.000000000000000000e+10 3.627251413926564361e+00 -1.288475175220339830e+00 -2.375582828825012704e+00 2.566966261343862632e-01 2.091570066394958859e-11 2.091570066394958793e-01 4.816018055833599099e-01 2.314377397239853196e-01 3.039341792679267120e+10 4.790061607320732880e+10 1.628753168537319773e+00
1.122018454301965332e+10 3.583890380282380939e+00 -1.276448908786216530e+00 -2.370911416097318813e+00 2.576150710843468361e-01 1.679811269390390077e-11 1.884779244000427678e-01 4.339864590819972334e-01 2.085480331073514826e-01 3.015128227139504242e+10 4.814275172860495758e+10 1.686286257035803704e+00
1.258925411794171333e+10 3.540726734802646103e+00 -1.264331998393230627e+00 -2.366155093744894078e+00 2.585329019422080155e-01 1.349199729100989204e-11 1.698541824551047241e-01 3.911037085038149286e-01 1.879207789177062549e-01 2.990645446807265472e+10 4.838757953192734528e+10 1.745855915226306232e+00
1.412537544622761154e+10 3.497762476265948717e+00 -1.252123471565343760e+00 -2.361328181962702999e+00 2.594496512524388510e-01 1.083697980217531661e-11 1.530764084089117627e-01 3.524714560914286587e-01 1.693313998028252443e-01 2.965889207746780777e+10 4.863514192253219604e+10 1.807538267271875831e+00
1.584893192461123848e+10 3.454998996292557578e+00 -1.239822166710924600e+00 -2.356456867208729378e+00 2.603648346064575958e-01 8.704371278212558187e-12 1.379549878349321523e-01 3.176530984928896961e-01 1.525782859382173728e-01 2.940856072784217072e+10 4.888547327215782928e+10 1.871410618765653622e+00
1.778279410038937378e+10 3.412437334021782842e+00 -1.227426796685843646e+00 -2.351550461591345176e+00 2.612779435741863221e-01 6.991274502079753930e-12 1.243243949697865058e-01 2.862674985529343741e-01 1.374802710120718308e-01 2.915543326989077377e+10 4.913860073010922241e+10 1.937551285646769372e+00
1.995262314968899155e+10 3.370078870143514038e+00 -1.214936147693826740e+00 -2.346563672300460368e+00 2.621884289180311800e-01 5.615574797449516633e-12 1.120454477024012963e-01 2.579941776173931833e-01 1.238737291078137043e-01 2.889947585526042175e+10 4.939455814473957825e+10 2.006043114243207359e+00
2.238721138568365097e+10 3.327925694009084445e+00 -1.202349195188390452e+00 -2.341489110839845900e+00 2.630956905661434031e-01 4.510805643533764114e-12 1.009843594615251472e-01 2.325250807216600324e-01 1.116107476493374273e-01 2.864064463687535477e+10 4.965338936312464905e+10 2.076975279615881576e+00
2.511886431509613037e+10 3.285979424208740785e+00 -1.189664757942623829e+00 -2.336362184141852705e+00 2.639991008195411992e-01 3.623355887491059008e-12 9.101458490319262740e-02 2.095688264431322945e-01 1.005583999702176629e-01 2.837890166060815811e+10 4.991513233939184570e+10 2.150439432950085994e+00
2.818382931264495468e+10 3.244241210500421246e+00 -1.176881489376827128e+00 -2.331199091823501490e+00 2.648980020914682987e-01 2.910401842601011245e-12 8.202626876307426984e-02 1.888724636877779639e-01 9.059736771694494595e-02 2.811421965574480820e+10 5.017981434425518799e+10 2.226527892960181720e+00
3.162277660168431091e+10 3.202712233609759540e+00 -1.163998023821563921e+00 -2.325967103120119006e+00 2.657916936925241447e-01 2.337759968574956091e-12 7.392646123460637486e-02 1.702219676166068507e-01 8.162000693433536791e-02 2.784656864241795349e+10 5.044746535758204651e+10 2.305337195989348054e+00
3.548133892335818481e+10 3.161394529925039443e+00 -1.151013237189856486e+00 -2.320632834633426178e+00 2.666794114973248253e-01 1.877895671271737271e-12 6.663025277509973532e-02 1.534218267823698190e-01 7.352891207436099141e-02 2.757590606519432831e+10 5.071812793480567169e+10 2.386971790985556119e+00
3.981071705535050964e+10 3.120289984987017373e+00 -1.137925941408469033e+00 -2.315235172919148710e+00 2.675603469478079477e-01 1.508483676164978830e-12 6.005381681441895880e-02 1.382790233742762775e-01 6.623639082044487092e-02 2.730219109248059082e+10 5.099184290751940918e+10 2.471540776380167781e+00
4.466835921509725952e+10 3.079399882512266373e+00 -1.124734734660880253e+00 -2.309793695706002570e+00 2.684336537955215873e-01 1.211694968077431581e-12 5.412442609320852055e-02 1.246260966890799099e-01 5.966376281886098809e-02 2.702539533426242447e+10 5.126863866573757935e+10 2.559154192329136546e+00
5.011872336272837830e+10 3.038725308664306457e+00 -1.111438121124211253e+00 -2.304297504071944225e+00 2.692984361987009190e-01 9.732733072150017486e-13 4.877921564063641968e-02 1.123182947820714345e-01 5.374015303208223154e-02 2.674549301428144455e+10 5.154854098571855164e+10 2.649925719921165435e+00
5.623413251903628540e+10 2.998268112641714112e+00 -1.098034826182642476e+00 -2.298692620406391995e+00 2.701537250146241464e-01 7.818020209630477299e-13 4.396395845048640949e-02 1.012307553570996194e-01 4.840142677860297810e-02 2.646244618286871338e+10 5.183158781713128662e+10 2.743977917480284745e+00
6.309573444802097321e+10 2.958030422235331969e+00 -1.084523648967069986e+00 -2.293005962335306069e+00 2.709984849388396566e-01 6.280005641316040359e-13 3.962415682765505626e-02 9.123799283381678338e-02 4.358970807383008572e-02 2.617621238588956070e+10 5.211782161411044312e+10 2.841441242725085470e+00
7.079457843841575623e+10 2.918013683187258511e+00 -1.070903139324437925e+00 -2.287266670606868502e+00 2.718316310596720076e-01 5.044341480936481522e-13 3.571120286423120488e-02 8.222808336806504415e-02 3.925305616878305842e-02 2.588676161925821304e+10 5.240727238074179077e+10 2.942448303823924860e+00
7.943282347243049622e+10 2.878219004684917426e+00 -1.057171701707926070e+00 -2.281483733031588024e+00 2.726520172778393869e-01 4.051564338429724386e-13 3.218271948816829597e-02 7.410345014546529385e-02 3.534476783094481905e-02 2.559407289995961761e+10 5.269996110004038239e+10 3.047134485383669045e+00
8.912509381337731934e+10 2.838647971304818274e+00 -1.043327872375542587e+00 -2.275595193200869559e+00 2.734584152473766849e-01 3.254243422946215788e-13 2.900347503616475947e-02 6.678296926329792271e-02 3.182260734572575633e-02 2.529811578308886719e+10 5.299591821691113281e+10 3.155644559746967115e+00
1.000000000000032654e+11 2.799302847746017786e+00 -1.029370403231907316e+00 -2.269602245071213442e+00 2.742495064049047526e-01 2.613862294051532822e-13 2.613862294051618254e-02 6.018640353422475414e-02 2.864837302578769965e-02 2.499884881423511887e+10 5.329518518576487732e+10 3.268135182930953953e+00
1.122018454302001953e+11 2.760185298473751825e+00 -1.015297814603633331e+00 -2.263547507960587790e+00 2.750239035368695628e-01 2.099387455036365744e-13 2.355551467280916564e-02 5.423857694341290697e-02 2.578774851384676992e-02 2.469624109473558426e+10 5.359779290526441956e+10 3.384767621577005503e+00
1.258925411794212494e+11 2.721296535220405044e+00 -1.001108434098551214e+00 -2.257450891933998172e+00 2.757801421391771757e-01 1.686031140232674746e-13 2.122587447515285677e-02 4.887438215224978316e-02 2.320992453645521342e-02 2.439027637987859344e+10 5.390375762012140656e+10 3.505705450573187942e+00
1.412537544622807312e+11 2.682637891219074255e+00 -9.868005981975033203e-01 -2.251261926227580812e+00 2.765166634398826817e-01 1.354031118336116694e-13 1.912619791237372274e-02 4.403969819868557706e-02 2.088707252768183878e-02 2.408093405778681946e+10 5.421309994221318054e+10 3.631121729420696109e+00
1.584893192461175842e+11 2.644211614653568798e+00 -9.723729545861292678e-01 -2.244947158728119341e+00 2.772317943582192079e-01 1.087421215477597965e-13 1.723446481748302367e-02 3.968382177446676262e-02 1.879398452835303809e-02 2.376817819243508148e+10 5.452585580756491852e+10 3.761205348407539617e+00
1.778279410038995667e+11 2.606019644831678139e+00 -9.578240169826357508e-01 -2.238559099995639734e+00 2.779237656868797091e-01 8.732514311353844257e-14 1.552885039775139982e-02 3.575649943719703266e-02 1.690797649806145136e-02 2.345197902817150116e+10 5.484205497182849884e+10 3.896154062479171731e+00
1.995262314968964539e+11 2.568063322176859842e+00 -9.431520436922662398e-01 -2.232120669432804849e+00 2.785907103209734892e-01 7.011921218549262563e-14 1.399062216290260403e-02 3.221459803401165167e-02 1.520869906128124310e-02 2.313232497773806381e+10 5.516170902226193237e+10 4.036168709264496890e+00
2.238721138568438416e+11 2.530343826509721339e+00 -9.283551933121007016e-01 -2.225608959913266016e+00 2.792306476665140647e-01 5.629901840260619190e-14 1.260378025785680034e-02 2.902127653711372018e-02 1.367780219700311627e-02 2.280920718098553085e+10 5.548482681901446533e+10 4.181459490228587761e+00
2.511886431509695129e+11 2.492863227026545392e+00 -9.134319402311655844e-01 -2.218959273101662966e+00 2.798414592079155883e-01 4.520257307515184058e-14 1.135437299767993839e-02 2.614441000475194524e-02 1.229866003345648010e-02 2.248260134597893524e+10 5.581143265402106476e+10 4.332255560147426188e+00
2.818382931264587402e+11 2.455623736003673230e+00 -8.983807965953762853e-01 -2.212215471688692148e+00 2.804208955986972063e-01 3.629069111861839949e-14 1.022810644125094447e-02 2.355108542118080489e-02 1.105627264780816715e-02 2.215248193119250488e+10 5.614155206880749512e+10 4.488801698678363650e+00
3.162277660168534546e+11 2.418626836534336633e+00 -8.831999562035911522e-01 -2.205410034575075784e+00 2.809665823142719621e-01 2.913232623267272750e-14 9.212450443432272304e-03 2.121245106099353683e-02 9.937184235753813988e-03 2.181884283801398468e+10 5.647519116198601532e+10 4.651348564890697368e+00
3.548133892335934448e+11 2.381873687154419716e+00 -8.678874414642747670e-01 -2.198548920845487586e+00 2.814760031448299005e-01 2.338276221953175912e-14 8.296517112755285792e-03 1.910343662760032382e-02 8.929287043538972068e-03 2.148168981034878922e+10 5.681234418965121460e+10 4.820155755101517059e+00
3.981071705535180664e+11 2.345366069550482102e+00 -8.524414961330197826e-01 -2.191549995195959610e+00 2.819464781228816497e-01 1.876710404500440979e-14 7.471318690840189104e-03 1.720334704253640920e-02 8.021617451785556865e-03 2.114101653757373047e+10 5.715301746242626953e+10 4.995504460292512050e+00
4.466835921509872437e+11 2.309106373722932481e+00 -8.368605984852786062e-01 -2.184427887870376672e+00 2.823751576973720367e-01 1.506143227107453610e-14 6.727694669782375604e-03 1.549108945685639775e-02 7.204256539300740378e-03 2.079680675507184982e+10 5.749722724492814636e+10 5.177700716175636764e+00
5.011872336273001709e+11 2.273096276787148096e+00 -8.211429006769270789e-01 -2.177233269487913070e+00 2.827590303590707954e-01 1.208566704994648639e-14 6.057182035303293639e-03 1.394717706004069795e-02 6.468299876378316542e-03 2.044906269075802994e+10 5.784497130924197388e+10 5.367062070933153350e+00
5.623413251903812256e+11 2.237337011429770151e+00 -8.052863244598824632e-01 -2.169990480055537407e+00 2.830949064862955944e-01 9.695998705736280974e-15 5.452460761227961861e-03 1.255475486893847283e-02 5.805751578153840395e-03 2.009780757630625153e+10 5.819622642369374847e+10 5.563915389269574518e+00
6.309573444802304688e+11 2.201830047101373644e+00 -7.892888541689967452e-01 -2.162623990246717476e+00 2.833793999317880674e-01 7.777969047653245129e-15 4.907566695756719090e-03 1.130008991652346750e-02 5.209380458517294879e-03 1.974305927089233398e+10 5.855097472910766602e+10 5.768611717783620030e+00
7.079457843841807861e+11 2.166577791237970896e+00 -7.731488679635331041e-01 -2.155103972316244842e+00 2.836089146345271983e-01 6.238792850959605148e-15 4.416727098483017380e-03 1.016988997678984138e-02 4.672630961184464152e-03 1.938481913432141495e+10 5.890921486567858887e+10 5.981537629864480010e+00
7.943282347243309326e+11 2.131582178778101966e+00 -7.568645109148777195e-01 -2.147498939911927529e+00 2.837796468601813671e-01 5.003265982536163040e-15 3.974235435764245442e-03 9.151015270439447069e-03 4.189608330003733588e-03 1.902310312076084518e+10 5.927093087923915100e+10 6.203101086504809736e+00
8.912509381338023682e+11 2.096844553000281053e+00 -7.404336208937871699e-01 -2.139838548040743582e+00 2.838875706407307797e-01 4.011472080390872791e-15 3.575228254945921318e-03 8.232267283889593834e-03 3.755026266145509127e-03 1.865795497712488556e+10 5.963607902287511444e+10 6.433722727085290138e+00
1.000000000000065430e+12 2.062366150060139791e+00 -7.238539401802631668e-01 -2.132079525159667810e+00 2.839284203907843085e-01 3.215631096404807002e-15 3.215631096405017261e-03 7.404264227150292310e-03 3.364112978369513708e-03 1.828942297295274734e+10 6.000461102704725647e+10 6.673850530579973572e+00
1.122018454302038818e+12 2.028149208754486121e+00 -7.071236573590096164e-01 -2.124145723432650179e+00 2.838976793692613021e-01 2.577336457782747109e-15 2.891819068577689868e-03 6.658659478942915641e-03 3.012539885717185201e-03 1.791753789686680222e+10 6.037649610313319397e+10 6.923978831608038398e+00
1.258925411794253662e+12 1.994195947874513486e+00 -6.902409354550770315e-01 -2.116104749030044196e+00 2.837905739223788304e-01 2.065266908943965608e-15 2.600016993807327363e-03 5.986760371471944175e-03 2.696404389456815223e-03 1.754233730731040573e+10 6.075169669268959045e+10 7.184639663318862723e+00
1.412537544622853760e+12 1.960507823290157159e+00 -6.732035331988839300e-01 -2.107994070354165750e+00 2.836020567209119325e-01 1.654453392502128222e-15 2.336977532737906805e-03 5.381089629544309402e-03 2.412208139431409881e-03 1.716389040984338760e+10 6.113014359015661621e+10 7.456386425648050320e+00
1.584893192461227539e+12 1.927085975776527516e+00 -6.560090048233141458e-01 -2.099811663855421617e+00 2.833267893008211691e-01 1.324946802211217692e-15 2.099899167197831224e-03 4.835196519180337549e-03 2.156800985713294792e-03 1.678228388033905983e+10 6.151175011966094208e+10 7.739804225408393634e+00
1.778279410039053711e+12 1.893932328676804167e+00 -6.386552648102701291e-01 -2.091449722307349823e+00 2.829591385154506256e-01 1.060840544461437558e-15 1.886470897550393717e-03 4.343759767066634157e-03 1.927327078557121475e-03 1.639759166525426674e+10 6.189644233474573517e+10 8.035536144673908865e+00
1.995262314969029785e+12 1.861049307574404343e+00 -6.211404725129933135e-01 -2.082943929898536162e+00 2.824931714241484815e-01 8.491438408754702671e-16 1.694264705686884158e-03 3.901188654900563779e-03 1.721203368007942405e-03 1.600988383368830681e+10 6.228415016631169128e+10 8.344287725904305120e+00
2.238721138568511719e+12 1.828438520928789890e+00 -6.034623353615899966e-01 -2.074355300126798696e+00 2.819226276710428136e-01 6.794408792620004990e-16 1.521078658811416372e-03 3.502413045050543818e-03 1.536113325509165387e-03 1.561926331302179337e+10 6.267477068697821045e+10 8.666802790128308231e+00
2.511886431509777344e+12 1.796101130229123655e+00 -5.856182768855647813e-01 -2.065712783433712119e+00 2.812409040741675192e-01 5.434208678502615433e-16 1.365011504552339754e-03 3.143055142147591942e-03 1.369976620829212654e-03 1.522586522089678764e+10 6.306816877910321045e+10 9.003864446527964915e+00
2.818382931264679688e+12 1.764038675323399197e+00 -5.676058821307623514e-01 -2.056904522513822720e+00 2.804410582090542392e-01 4.344848915011873822e-16 1.224544802099332853e-03 2.819618607017267912e-03 1.220909777100091798e-03 1.482982115790325546e+10 6.346421284209674072e+10 9.356328816306865193e+00
3.162277660168638184e+12 1.732253625879073278e+00 -5.494232346847004456e-01 -2.047910568612136828e+00 2.795158241528580279e-01 3.472654394138640246e-16 1.098149741207107930e-03 2.528583223978756161e-03 1.087204731325191846e-03 1.443124997800928307e+10 6.386278402199071503e+10 9.725148063535444365e+00
3.548133892336050781e+12 1.700747808640081349e+00 -5.310680417753981253e-01 -2.038819562947735697e+00 2.784575707651771315e-01 2.774223030889722383e-16 9.843314760799065817e-04 2.266506983386418032e-03 9.673274761410629143e-04 1.403030116585841179e+10 6.426373283414158630e+10 1.011134259299956462e+01
3.981071705535311035e+12 1.669522456450274417e+00 -5.125376313145668661e-01 -2.029672909016801086e+00 2.772582864010439407e-01 2.215032543350837672e-16 8.818203385173937602e-04 2.030466366169113995e-03 8.599031424021750906e-04 1.362716860474924660e+10 6.466686539525075531e+10 1.051598976292523346e+01
4.466835921510018555e+12 1.638578768884003667e+00 -4.938292617784628136e-01 -2.020393266466538051e+00 2.759095886214639193e-01 1.767648768773555597e-16 7.895797016970675271e-04 1.818074450858353291e-03 7.636896219764887717e-04 1.322205679313748169e+10 6.507197720686251831e+10 1.094026152133591623e+01
5.011872336273166016e+12 1.607919048521005534e+00 -4.749408265299515652e-01 -2.010892529408674356e+00 2.744027834683047673e-01 1.409968512878901957e-16 7.066582184713983980e-04 1.627140679693971689e-03 6.775592437126809996e-04 1.281515525251606750e+10 6.547887874748393250e+10 1.138546856270199825e+01
5.623413251903997070e+12 1.577545386952668327e+00 -4.558700864631879957e-01 -2.001272673969809013e+00 2.727288281910877354e-01 1.123971758152646743e-16 6.320557679561427614e-04 1.455362189236718068e-03 6.004966719894140430e-04 1.240667714298965073e+10 6.588735685701034546e+10 1.185304132055228266e+01
6.309573444802510742e+12 1.547459083476716346e+00 -4.366142848242923757e-01 -1.991579847796164815e+00 2.708783017702086626e-01 8.953506510872121431e-17 5.649280691886512506e-04 1.300794950727697389e-03 5.315927434903039385e-04 1.199688803550169182e+10 6.629714596449830627e+10 1.234450420655252678e+01
7.079457843842039062e+12 1.517661130496766431e+00 -4.171704198611237979e-01 -1.981795249506045353e+00 2.688414327406102866e-01 7.127032510761926491e-17 5.045552621163074559e-04 1.161781425140712967e-03 4.700283340935939289e-04 1.158608193796951675e+10 6.670795206203048706e+10 1.286151081013740516e+01
7.943282347243568359e+12 1.488153472481967166e+00 -3.975360712011737352e-01 -1.971776074650469113e+00 2.666082126022523147e-01 5.669420217571266575e-17 4.503380553333963363e-04 1.036941693018606251e-03 4.150602561396111762e-04 1.117454435626156998e+10 6.711948964373843384e+10 1.340590950510882706e+01
8.912509381338316406e+12 1.458938413630514797e+00 -3.777090572929832080e-01 -1.961592554713373238e+00 2.641684145840694220e-01 4.506362277736624309e-17 4.016299607603676658e-04 9.247871605466062225e-04 3.660170348004810757e-04 1.076257198402686119e+10 6.753146201597313690e+10 1.397975522193463860e+01
1.000000000000098242e+13 1.430017336223240010e+00 -3.576865674313650656e-01 -1.951319730918716910e+00 2.615115332771609791e-01 3.578585217410753242e-17 3.578585217411104540e-04 8.239996975619665867e-04 3.222973633477669480e-04 1.035051770353352928e+10 6.794351629646646881e+10 1.458526807455189633e+01
1.122018454302075391e+13 1.401391158867166364e+00 -3.374654281483008278e-01 -1.940990500205210356e+00 2.586268523762060845e-01 2.838905197500051540e-17 3.185304021609135943e-04 7.334433556811180942e-04 2.833612870166899692e-04 9.938783534078155518e+09 6.835525046592184448e+10 1.522485486161846957e+01
1.258925411794294922e+13 1.373061347786705966e+00 -3.170428073511575295e-01 -1.930438347223223605e+00 2.555036092356206545e-01 2.249988419027527187e-17 2.832567596956624026e-04 6.522227923650288865e-04 2.487196333155364627e-04 9.527774327148351669e+09 6.876625967285165405e+10 1.590120282125316997e+01
1.412537544622899805e+13 1.345030258090433639e+00 -2.964165095222668911e-01 -1.919664172404714098e+00 2.521311499313775850e-01 1.781405149125201907e-17 2.516301655323903408e-04 5.793998681025061938e-04 2.179290668038482131e-04 9.117893348522325516e+09 6.917614065147767639e+10 1.661734412279930240e+01
1.584893192461279492e+13 1.317299419502732993e+00 -2.755837465815158538e-01 -1.908784679661424510e+00 2.484988491048225057e-01 1.408679699852052330e-17 2.232606866653916210e-04 5.140767289673452839e-04 1.905921518771020481e-04 8.709598154725463867e+09 6.958443584527453613e+10 1.737660766219317310e+01
1.778279410039111719e+13 1.289869748900925872e+00 -2.545412434315392769e-01 -1.897859609910886647e+00 2.445962245561494608e-01 1.112407958342821525e-17 1.978172167884685313e-04 4.554909745146991525e-04 1.663529592900510497e-04 8.303411422330153465e+09 6.999062257766984558e+10 1.818262113814548542e+01
1.995262314969094922e+13 1.262742232406548926e+00 -2.332857310159225372e-01 -1.886754540196789565e+00 2.404131577170729450e-01 8.772564803829354159e-18 1.750356795870496192e-04 4.030345465592226621e-04 1.448898212632031019e-04 7.899873956375552177e+09 7.039416004362445068e+10 1.903943432775735189e+01
2.238721138568585156e+13 1.235919045939197547e+00 -2.118148600775421608e-01 -1.875370636640956379e+00 2.359402618718624001e-01 6.908581659270111720e-18 1.546638779813522865e-04 3.561267398645118448e-04 1.259107891026098260e-04 7.499516930644435883e+09 7.079451706935556030e+10 1.995165920919354008e+01
2.511886431509859375e+13 1.209401928318973418e+00 -1.901259632983812731e-01 -1.863860040994429035e+00 2.311688558573377628e-01 5.431735051893272552e-18 1.364390157640721216e-04 3.141624438011321203e-04 1.091535595109688095e-04 7.102914720539876938e+09 7.119111927946012878e+10 2.092444908818360005e+01
2.818382931264771875e+13 1.183191792177386237e+00 -1.682156954206374122e-01 -1.852286645821466182e+00 2.260910888653684114e-01 4.262793550717708258e-18 1.201418458284833987e-04 2.766368232494547980e-04 9.438357783470420568e-05 6.710712500369975090e+09 7.158332149963002014e+10 2.196348176781653549e+01
3.162277660168741406e+13 1.157289256491427221e+00 -1.460804225759126662e-01 -1.840597022144808026e+00 2.207002562570786197e-01 3.338986542302697005e-18 1.055880255032788840e-04 2.431254135225251016e-04 8.138952191540476376e-05 6.323587859218191147e+09 7.197044614078181458e+10 2.307511287911931319e+01
3.548133892336166406e+13 1.131696075727492756e+00 -1.237174593929477595e-01 -1.828598507259256767e+00 2.149913957106669438e-01 2.610383237456427982e-18 9.261989236805358511e-05 2.132651834813931906e-04 6.997975699030685253e-05 5.942206986876395226e+09 7.235182701312361145e+10 2.426661444474597218e+01
3.981071705535441406e+13 1.106414180259273294e+00 -1.011243178619064265e-01 -1.816420527241329852e+00 2.089614595986216961e-01 2.036296605589310147e-18 8.106642800589465494e-05 1.866623486686480810e-04 5.998156868655586140e-05 5.567254581791604996e+09 7.272677941820838928e+10 2.554626385432966629e+01
4.466835921510164844e+13 1.081444470473498010e+00 -7.829762017692158682e-02 -1.804158953290264211e+00 2.026093691909181538e-01 1.584566245901134144e-18 7.077997427203695585e-05 1.629769136412943808e-04 5.124058712880733441e-05 5.199477750040771484e+09 7.309455624995922852e+10 2.692332130969362325e+01
5.011872336273329688e+13 1.056787352217908538e+00 -5.523350615465336122e-02 -1.791846247108075607e+00 1.959364649547266635e-01 1.229744518340457270e-18 6.163322532154307811e-05 1.419157458585282587e-04 4.361827064131179891e-05 4.839664066795836449e+09 7.345436993320416260e+10 2.840820886640437237e+01
5.623413251904180469e+13 1.032443984712757556e+00 -3.192879228717113160e-02 -1.779231435596595690e+00 1.889472409806030595e-01 9.518122979211778122e-19 5.352433889455321246e-05 1.232443448509596383e-04 3.698926837357463266e-05 4.488584696094065666e+09 7.380544930390592957e+10 3.001290864003913939e+01
6.309573444802717188e+13 1.008416337608137203e+00 -8.381117715792311268e-03 -1.766356391434366735e+00 1.816498510473809058e-01 7.345175531836285118e-19 4.634492448308890022e-05 1.067131322506952918e-04 3.124033144603328380e-05 4.146992639214606762e+09 7.414704136078540039e+10 3.175129592772454501e+01
7.079457843842270312e+13 9.847053530917567743e-01 1.541281647652088978e-02 -1.753380366214326358e+00 1.740560083408766168e-01 5.649374975477333962e-19 3.999451198294924457e-05 9.209076709351066777e-05 2.627023396242815379e-05 3.815675876988029957e+09 7.447835812301196289e+10 3.363917631139886311e+01
7.943282347243828125e+13 9.613113191480652242e-01 3.945696914554276680e-02 -1.740391035009883902e+00 1.661814625274186663e-01 4.329081275611251892e-19 3.438711487634664991e-05 7.917925810534958840e-05 2.198848333245666568e-05 3.495451900332608223e+09 7.479858209966738892e+10 3.569452237669446504e+01
8.912509381338607812e+13 9.382347321591815170e-01 6.375511377813847247e-02 -1.727154857430038826e+00 1.580466742222201848e-01 3.304748017153864733e-19 2.945359770584398022e-05 6.781941501251997797e-05 1.831351650450994075e-05 3.187105806404592514e+09 7.510692819359541321e+10 3.793814440539458843e+01
1.000000000000130938e+14 9.154773508852416253e-01 8.830965478557076254e-02 -1.713568003208613355e+00 1.496776078564841239e-01 2.512586875596985391e-19 2.512586875597314315e-05 5.785445084602861319e-05 1.517166985804623834e-05 2.891359386155508041e+09 7.540267461384449768e+10 4.039449707903673215e+01
1.122018454302112188e+14 8.930402310013951794e-01 1.131236476071063868e-01 -1.699859684432570184e+00 1.411053757683211063e-01 1.901565129194765347e-19 2.133591167013906790e-05 4.912775215709991512e-05 1.249711478296803648e-05 2.608917647693802357e+09 7.568511635230619812e+10 4.309200951708706384e+01
1.258925411794336094e+14 8.709235551234797423e-01 1.382010727741546929e-01 -1.686130403919938514e+00 1.323663437009395538e-01 1.431882084443676545e-19 1.802632742799187830e-05 4.150715281712379713e-05 1.023124215861245333e-05 2.340476012715417385e+09 7.595355798728457642e+10 4.606352954513828024e+01
1.412537544622946250e+14 8.491272411822022859e-01 1.635462320721788876e-01 -1.672253785232168388e+00 1.235024371519745645e-01 1.072427691690089210e-19 1.514844378405572555e-05 3.488058083922502943e-05 8.321548817203741304e-06 2.086664664049495459e+09 7.620736933595050049e+10 4.934751392318673879e+01
1.584893192461331250e+14 8.276525492267264861e-01 1.891618392025008755e-01 -1.657963667615259151e+00 1.145617683259373965e-01 7.986958020547352280e-20 1.265847539523992781e-05 2.914721674511137157e-05 6.720853877595337717e-06 1.848001275519038916e+09 7.644603272448095703e+10 5.298974735963059146e+01
1.778279410039170000e+14 8.065006779283556693e-01 2.150505408365005200e-01 -1.643495314725730960e+00 1.055978604072940474e-01 5.910903055900563069e-20 1.051123719904557989e-05 2.420301808344684104e-05 5.387098006881387992e-06 1.624913890226237059e+09 7.666912010977375793e+10 5.704466592768677913e+01
1.995262314969160312e+14 7.856716778506303012e-01 2.412162864773964299e-01 -1.628978841384659759e+00 9.666870210840573796e-02 4.344176527020899292e-20 8.667771713938407082e-06 1.995828193799002820e-05 4.283065506345470581e-06 1.417759548873737097e+09 7.687627445112626648e+10 6.157651338693941057e+01
2.238721138568658125e+14 7.651650593850632953e-01 2.676637045272406978e-01 -1.614431852199871065e+00 8.783626870002668452e-02 3.168685885209541161e-20 7.093804072702740152e-06 1.633408751042578211e-05 3.375756270135079219e-06 1.226785861845683813e+09 7.706724813815431213e+10 6.666168785397152874e+01
2.511886431509941875e+14 7.449813403059500905e-01 2.943961074854425930e-01 -1.599464602493205989e+00 7.916620420888756393e-02 2.293038421839321963e-20 5.759852098749163575e-06 1.326254958043029394e-05 2.635840342863680367e-06 1.052082148527856469e+09 7.724195185147213745e+10 7.239250971312952743e+01
2.818382931264864375e+14 7.251217301624091061e-01 3.214157345494177420e-01 -1.584203060292219689e+00 7.072639252641138574e-02 1.644977249758818724e-20 4.636175803039274558e-06 1.067518929257793354e-05 2.037396871038477264e-06 8.935801744565225840e+08 7.740045382554347229e+10 7.888143241255527016e+01
3.162277660168845000e+14 7.055861854656603205e-01 3.487263529028985509e-01 -1.568874340905561882e+00 6.258452909705543299e-02 1.168751488380170631e-20 3.695916721993700978e-06 8.510162749010114988e-06 1.557763069998778168e-06 7.510845023669760227e+08 7.754294949763302612e+10 8.626465016019201926e+01
3.548133892336283125e+14 6.863739468450371639e-01 3.763326877568330397e-01 -1.553609690136539934e+00 5.480652845522170774e-02 8.216658121604050792e-21 2.915380316300351350e-06 6.712911256721455117e-06 1.177186219855490588e-06 6.242599886374392509e+08 7.766977401136256409e+10 9.470762447590188060e+01
3.981071705535571875e+14 6.674846611270185415e-01 4.042388685567581130e-01 -1.537992361929151119e+00 4.745494405225851586e-02 5.712267370391256822e-21 2.274094600271871597e-06 5.236296326644264871e-06 8.784560302713489016e-07 5.125990409023835063e+08 7.778143495909761047e+10 1.044143022184805716e+02
4.466835921510310625e+14 6.489192991046175418e-01 4.324469165357302525e-01 -1.521934037869645095e+00 4.058706572866574436e-02 3.923366598775022250e-21 1.752503485666199875e-06 4.035288401515096718e-06 6.466664120673658148e-07 4.154214350690217018e+08 7.787861256493098450e+10 1.156395958706318794e+02
5.011872336273493750e+14 6.306778156598977780e-01 4.609601400870187438e-01 -1.505788507968039314e+00 3.425173142156100886e-02 2.658716445538870674e-21 1.332514740339165810e-06 3.068228577299794943e-06 4.690784875969942539e-07 3.319150822853366137e+08 7.796211891771466064e+10 1.287018613476096220e+02
5.623413251904365000e+14 6.127592264399754907e-01 4.897831992576964777e-01 -1.489731065842982094e+00 2.848730174709026425e-02 1.775346076444184193e-21 9.983504652992646106e-07 2.298786898981756108e-06 3.349031006899560176e-07 2.611535856879100204e+08 7.803288041431208801e+10 1.439992655973822764e+02
6.309573444802923750e+14 5.951623459690038587e-01 5.189210602853255860e-01 -1.473476846652097327e+00 2.332010701514047185e-02 1.166840123538996721e-21 7.362263457812216621e-07 1.695223808865320870e-06 2.350528329937795325e-07 2.020956660917791724e+08 7.809193833390821838e+10 1.620359961392179002e+02
7.079457843842502500e+14 5.778875715871157892e-01 5.483759420548918184e-01 -1.456648350609188292e+00 1.876346933976032194e-02 7.539724064793789123e-22 5.337715867091246847e-07 1.229054498620209298e-06 1.619458753066415801e-07 1.536027194963267446e+08 7.814043128050367737e+10 1.834608366002860009e+02
7.943282347244088750e+14 5.609349356023394240e-01 5.781503595040299315e-01 -1.439678783366320935e+00 1.481616483688342686e-02 4.781093475738207606e-22 3.797757540635519091e-07 8.744659899873075622e-07 1.093578630914538809e-07 1.144847950655812472e+08 7.817954920493441772e+10 2.091141053543753117e+02
8.912509381338898750e+14 5.443031984044152116e-01 6.082488373799065373e-01 -1.422760733801788913e+00 1.146216588007823931e-02 2.969899064165184155e-22 2.646925327100182175e-07 6.094770800449268635e-07 7.225928634064817377e-08 8.353954392772398889e+07 7.821049445607228088e+10 2.400870731931416913e+02
